					
1.000	1.000	0.990	0.965-0.184i	1.000-0.020i	0.965-0.185i
1.000	2.000	0.840	0.990	0.840	1.000-0.014i
1.000	3.000	0.980	0.965-0.183i	0.990	0.965-0.184i
1.000	4.000	0.839	0.986	0.840	0.990
2.000	1.000	0.990	0.885	0.990-0.100i	0.840
2.000	2.000	0.983-0.128i	0.990	0.974-0.160i	0.878
2.000	3.000	0.908	0.859	0.990	0.823
2.000	4.000	0.965-0.184i	0.981-0.137i	0.956-0.206i	0.990
3.000	1.000	0.990	0.861	0.966	0.980-0.140i
3.000	2.000	0.975-0.157i	0.990	0.976-0.154i	0.956-0.206i
3.000	3.000	0.999-0.035i	0.864	0.990	0.979-0.144i
3.000	4.000	0.875	0.823	0.872	0.990
4.000	1.000	0.990	0.975-0.157i	0.954-0.209i	0.940-0.237i
4.000	2.000	0.861	0.990	0.978-0.145i	0.964-0.187i
4.000	3.000	0.820	0.871	0.990	0.985-0.122i
4.000	4.000	0.799	0.838	0.890	0.990
5.000	1.000	0.990	0.990-0.100i	0.830	0.990-0.100i
5.000	2.000	0.908	0.990	0.814	0.990
5.000	3.000	0.960-0.196i	0.951-0.217i	0.990	0.951-0.217i
5.000	4.000	0.908	0.990	0.814	0.990
6.000	1.000	0.990	0.964-0.187i	0.942	0.990
6.000	2.000	0.837	0.990	0.831	0.837
6.000	3.000	0.996-0.061i	0.960-0.196i	0.990	0.996-0.061i
6.000	4.000	0.990	0.964-0.187i	0.942	0.990
7.000	1.000	0.990	0.999-0.038i	0.983-0.128i	0.831
7.000	2.000	0.963	0.990	0.985-0.122i	0.829
7.000	3.000	0.885	0.890	0.990	0.806
7.000	4.000	0.960-0.195i	0.959-0.198i	0.945-0.228i	0.990
8.000	1.000	0.990	0.850	0.823	0.889
8.000	2.000	0.970-0.171i	0.990	0.890	0.985-0.122i
8.000	3.000	0.956-0.206i	0.985-0.122i	0.990	0.970-0.170i
8.000	4.000	0.985-0.123i	0.890	0.851	0.990
9.000	1.000	0.990	0.990-0.100i	0.991-0.094i	0.983-0.128i
9.000	2.000	0.908	0.990	0.966	0.993-0.081i
9.000	3.000	0.914	0.999-0.035i	0.990	0.992-0.088i
9.000	4.000	0.885	0.925	0.918	0.990
10.000	1.000	0.990	0.871	0.792	0.995-0.072i
10.000	2.000	0.979-0.145i	0.990	0.822	0.974-0.160i
10.000	3.000	0.936-0.245i	0.955-0.207i	0.990	0.931-0.253i
10.000	4.000	0.933	0.859	0.786	0.990
11.000	1.000	0.990	0.822	0.964-0.187i	0.978-0.145i
11.000	2.000	0.955-0.206i	0.990	0.922-0.268i	0.936-0.245i
11.000	3.000	0.838	0.775	0.990	0.890
11.000	4.000	0.871	0.792	0.985-0.122i	0.990
12.000	1.000	0.990	0.850	0.903	0.925
12.000	2.000	0.970-0.171i	0.990	0.981-0.137i	0.976-0.152i
12.000	3.000	0.988-0.107i	0.878	0.990	0.995-0.070i
12.000	4.000	0.993-0.081i	0.865	0.934	0.990
13.000	1.000	0.990	0.907	0.995-0.070i	0.931
13.000	2.000	0.990-0.101i	0.990	0.985-0.122i	0.995-0.070i
13.000	3.000	0.934	0.890	0.990	0.907
13.000	4.000	0.995-0.073i	0.934	0.990-0.101i	0.990
14.000	1.000	0.990	0.862	0.990-0.101i	0.980-0.141i
14.000	2.000	0.975-0.156i	0.990	0.965-0.183i	0.956-0.206i
14.000	3.000	0.907	0.840	0.990	0.990-0.101i
14.000	4.000	0.874	0.823	0.907	0.990
15.000	1.000	0.990	0.980-0.141i	0.903	0.903
15.000	2.000	0.874	0.990	0.847	0.847
15.000	3.000	0.988-0.107i	0.969-0.175i	0.990	0.990
15.000	4.000	0.988-0.107i	0.969-0.175i	0.990	0.990
16.000	1.000	0.990	0.999-0.038i	0.987-0.114i	0.977-0.149i
16.000	2.000	0.963	0.990	0.988-0.108i	0.979-0.145i
16.000	3.000	0.896	0.902	0.990	0.990-0.099i
16.000	4.000	0.867	0.871	0.909	0.990
17.000	1.000	0.990	0.995-0.072i	0.995-0.072i	0.934
17.000	2.000	0.933	0.990	0.990	0.908
17.000	3.000	0.933	0.990	0.990	0.908
17.000	4.000	0.995-0.070i	0.990-0.100i	0.990-0.100i	0.990
18.000	1.000	0.990	0.982-0.133i	0.980-0.141i	0.990-0.100i
18.000	2.000	0.881	0.990	0.998-0.048i	0.917
18.000	3.000	0.874	0.954	0.990	0.907
18.000	4.000	0.908	0.992-0.089i	0.990-0.101i	0.990
19.000	1.000	0.990	0.951-0.217i	0.986-0.117i	0.970-0.171i
19.000	2.000	0.814	0.990	0.837	0.874
19.000	3.000	0.894	0.964-0.187i	0.990	0.983-0.128i
19.000	4.000	0.850	0.980-0.141i	0.885	0.990
20.000	1.000	0.990	0.886	0.985-0.123i	0.813
20.000	2.000	0.984-0.127i	0.990	0.969-0.174i	0.840
20.000	3.000	0.889	0.848	0.990	0.793
20.000	4.000	0.950-0.218i	0.965-0.184i	0.936-0.245i	0.990
21.000	1.000	0.990	0.908	0.862	0.980-0.141i
21.000	2.000	0.990-0.100i	0.990	0.890	0.970-0.171i
21.000	3.000	0.975-0.156i	0.985-0.122i	0.990	0.956-0.206i
21.000	4.000	0.874	0.850	0.823	0.990
22.000	1.000	0.990	0.990-0.101i	0.908	0.992-0.089i
22.000	2.000	0.907	0.990	0.874	0.954
22.000	3.000	0.990-0.100i	0.980-0.141i	0.990	0.982-0.133i
22.000	4.000	0.917	0.998-0.048i	0.881	0.990
23.000	1.000	0.990	0.956-0.206i	0.923-0.266i	0.954-0.209i
23.000	2.000	0.823	0.990	0.965-0.184i	0.998-0.041i
23.000	3.000	0.776	0.840	0.990	0.843
23.000	4.000	0.820	0.961	0.966-0.180i	0.990
24.000	1.000	0.990	0.965-0.183i	0.971-0.168i	0.956-0.206i
24.000	2.000	0.840	0.990	0.927	0.990-0.101i
24.000	3.000	0.853	0.994-0.079i	0.990	0.984-0.127i
24.000	4.000	0.823	0.907	0.886	0.990
25.000	1.000	0.990	0.853	0.990-0.100i	0.973-0.161i
25.000	2.000	0.971-0.168i	0.990	0.962-0.192i	0.946-0.226i
25.000	3.000	0.908	0.833	0.990	0.983-0.129i
25.000	4.000	0.858	0.807	0.884	0.990
26.000	1.000	0.990	0.981-0.137i	0.829	0.960-0.196i
26.000	2.000	0.877	0.990	0.800	0.979-0.145i
26.000	3.000	0.959-0.198i	0.941-0.235i	0.990	0.922-0.268i
26.000	4.000	0.831	0.871	0.775	0.990
27.000	1.000	0.990	0.980	0.985-0.122i	0.980-0.141i
27.000	2.000	1.000-0.020i	0.990	0.984-0.124i	0.979-0.143i
27.000	3.000	0.890	0.888	0.990	0.995-0.073i
27.000	4.000	0.874	0.873	0.931	0.990
28.000	1.000	0.990	0.990-0.101i	0.908	0.967-0.178i
28.000	2.000	0.907	0.990	0.874	0.977-0.150i
28.000	3.000	0.990-0.100i	0.980-0.141i	0.990	0.958-0.201i
28.000	4.000	0.844	0.867	0.826	0.990
29.000	1.000	0.990	0.903	0.980-0.141i	0.862
29.000	2.000	0.989-0.106i	0.990	0.969-0.174i	0.894
29.000	3.000	0.874	0.848	0.990	0.823
29.000	4.000	0.975-0.156i	0.986-0.117i	0.956-0.206i	0.990
30.000	1.000	0.990	0.847	0.907	0.902
30.000	2.000	0.969-0.175i	0.990	0.978-0.145i	0.980-0.141i
30.000	3.000	0.990-0.101i	0.871	0.990	0.963
30.000	4.000	0.988-0.108i	0.874	0.999-0.038i	0.990
31.000	1.000	0.990	0.964-0.187i	0.985-0.122i	0.974-0.160i
31.000	2.000	0.837	0.990	0.870	0.907
31.000	3.000	0.890	0.978-0.146i	0.990	0.988-0.107i
31.000	4.000	0.859	0.989-0.102i	0.903	0.990
32.000	1.000	0.990	0.990-0.101i	0.874	0.890
32.000	2.000	0.907	0.990	0.850	0.862
32.000	3.000	0.980-0.141i	0.970-0.171i	0.990	0.995-0.072i
32.000	4.000	0.985-0.122i	0.975-0.157i	0.933	0.990
33.000	1.000	0.990	0.990-0.101i	0.908	0.995-0.073i
33.000	2.000	0.907	0.990	0.874	0.934
33.000	3.000	0.990-0.100i	0.980-0.141i	0.990	0.985-0.123i
33.000	4.000	0.931	0.995-0.070i	0.889	0.990
34.000	1.000	0.990	0.990-0.100i	0.859	0.988-0.107i
34.000	2.000	0.908	0.990	0.838	0.999-0.038i
34.000	3.000	0.974-0.160i	0.964-0.186i	0.990	0.963-0.190i
34.000	4.000	0.903	0.963	0.836	0.990
35.000	1.000	0.990	0.918-0.275i	0.940-0.237i	0.954-0.209i
35.000	2.000	0.770	0.990	0.862	0.831
35.000	3.000	0.798	0.975-0.157i	0.990	0.889
35.000	4.000	0.820	0.960-0.196i	0.985-0.123i	0.990
36.000	1.000	0.990	0.862	0.980-0.141i	1.000-0.014i
36.000	2.000	0.975-0.157i	0.990	0.956-0.206i	0.975-0.157i
36.000	3.000	0.874	0.823	0.990	0.875
36.000	4.000	0.986	0.861	0.980-0.140i	0.990
37.000	1.000	0.990	0.801	0.907	0.894
37.000	2.000	0.942-0.235i	0.990	0.951-0.216i	0.954-0.209i
37.000	3.000	0.990-0.101i	0.815	0.990	0.944
37.000	4.000	0.986-0.117i	0.820	0.996-0.059i	0.990
38.000	1.000	0.990	0.990-0.101i	0.990-0.101i	0.980-0.141i
38.000	2.000	0.907	0.990	0.990	0.990-0.101i
38.000	3.000	0.907	0.990	0.990	0.990-0.101i
38.000	4.000	0.874	0.907	0.907	0.990
39.000	1.000	0.990	0.874	0.985-0.122i	0.990-0.101i
39.000	2.000	0.980-0.141i	0.990	0.965-0.183i	0.970-0.171i
39.000	3.000	0.890	0.840	0.990	0.934
39.000	4.000	0.907	0.850	0.995-0.070i	0.990
40.000	1.000	0.990	0.822	0.908	0.862
40.000	2.000	0.955-0.207i	0.990	0.965-0.185i	0.979-0.142i
40.000	3.000	0.990-0.100i	0.839	0.990	0.889
40.000	4.000	0.975-0.157i	0.873	0.985-0.123i	0.990
41.000	1.000	0.990	0.907	0.874	0.954
41.000	2.000	0.990-0.101i	0.990	0.908	0.992-0.089i
41.000	3.000	0.980-0.141i	0.990-0.100i	0.990	0.982-0.133i
41.000	4.000	0.998-0.048i	0.917	0.881	0.990
42.000	1.000	0.990	0.917	0.881	0.998-0.048i
42.000	2.000	0.992-0.089i	0.990	0.908	0.990-0.101i
42.000	3.000	0.982-0.133i	0.990-0.100i	0.990	0.980-0.141i
42.000	4.000	0.954	0.907	0.874	0.990
43.000	1.000	0.990	0.972-0.164i	0.981-0.137i	0.986-0.117i
43.000	2.000	0.856	0.990	0.914	0.894
43.000	3.000	0.878	0.991-0.094i	0.990	0.933
43.000	4.000	0.894	0.986-0.117i	0.995-0.072i	0.990
44.000	1.000	0.990	0.960-0.195i	0.933	0.985-0.122i
44.000	2.000	0.831	0.990	0.823	0.862
44.000	3.000	0.995-0.072i	0.956-0.206i	0.990	0.980-0.141i
44.000	4.000	0.890	0.975-0.157i	0.874	0.990
45.000	1.000	0.990	0.838	0.850	0.780
45.000	2.000	0.964-0.187i	0.990	0.994-0.080i	0.830
45.000	3.000	0.970-0.171i	0.926	0.990	0.820
45.000	4.000	0.927-0.261i	0.960-0.196i	0.954-0.209i	0.990
46.000	1.000	0.990	0.964-0.186i	0.963	0.954-0.208i
46.000	2.000	0.838	0.990	0.836	0.990-0.101i
46.000	3.000	0.999-0.038i	0.963-0.190i	0.990	0.953-0.211i
46.000	4.000	0.821	0.907	0.819	0.990
47.000	1.000	0.990	0.862	0.823	0.797
47.000	2.000	0.975-0.156i	0.990	0.874	0.835
47.000	3.000	0.956-0.206i	0.980-0.141i	0.990	0.881
47.000	4.000	0.939-0.239i	0.962-0.190i	0.982-0.133i	0.990
48.000	1.000	0.990	0.814	0.965-0.185i	0.990
48.000	2.000	0.951-0.217i	0.990	0.919-0.273i	0.951-0.217i
48.000	3.000	0.839	0.771	0.990	0.839
48.000	4.000	0.990	0.814	0.965-0.185i	0.990
49.000	1.000	0.990	0.994-0.080i	0.980-0.141i	0.980-0.141i
49.000	2.000	0.926	0.990	0.986-0.118i	0.986-0.118i
49.000	3.000	0.874	0.893	0.990	0.990
49.000	4.000	0.874	0.893	0.990	0.990
50.000	1.000	0.990	0.934	0.934	1.000-0.014i
50.000	2.000	0.995-0.070i	0.990	0.990	0.995-0.072i
50.000	3.000	0.995-0.070i	0.990	0.990	0.995-0.072i
50.000	4.000	0.986	0.933	0.933	0.990
51.000	1.000	0.990	0.942	0.983-0.128i	0.875
51.000	2.000	0.996-0.061i	0.990	0.980-0.141i	0.886
51.000	3.000	0.885	0.874	0.990	0.838
51.000	4.000	0.980-0.140i	0.984-0.127i	0.964-0.186i	0.990
52.000	1.000	0.990	0.976-0.154i	0.931-0.253i	0.951-0.216i
52.000	2.000	0.864	0.990	0.953-0.211i	0.974-0.160i
52.000	3.000	0.786	0.819	0.990	0.871
52.000	4.000	0.815	0.859	0.978-0.145i	0.990
53.000	1.000	0.990	0.986-0.117i	0.820	0.970-0.171i
53.000	2.000	0.894	0.990	0.800	0.983-0.128i
53.000	3.000	0.954-0.209i	0.941-0.235i	0.990	0.927-0.261i
53.000	4.000	0.850	0.885	0.780	0.990
54.000	1.000	0.990	0.874	0.990	0.815
54.000	2.000	0.980-0.141i	0.990	0.980-0.141i	0.850
54.000	3.000	0.990	0.874	0.990	0.815
54.000	4.000	0.951-0.216i	0.970-0.171i	0.951-0.216i	0.990
55.000	1.000	0.990	0.936-0.245i	0.954-0.208i	0.964-0.187i
55.000	2.000	0.792	0.990	0.873	0.850
55.000	3.000	0.821	0.979-0.142i	0.990	0.908
55.000	4.000	0.838	0.970-0.171i	0.990-0.100i	0.990
56.000	1.000	0.990	0.858	0.862	0.828
56.000	2.000	0.973-0.161i	0.990	0.999-0.038i	0.889
56.000	3.000	0.975-0.157i	0.963	0.990	0.884
56.000	4.000	0.959-0.199i	0.985-0.123i	0.983-0.129i	0.990
57.000	1.000	0.990	0.850	0.813	0.823
57.000	2.000	0.970-0.171i	0.990	0.871	0.890
57.000	3.000	0.950-0.218i	0.979-0.145i	0.990	0.994-0.080i
57.000	4.000	0.956-0.206i	0.985-0.122i	0.926	0.990
58.000	1.000	0.990	0.986-0.117i	0.820	0.975-0.157i
58.000	2.000	0.894	0.990	0.800	0.988-0.108i
58.000	3.000	0.954-0.209i	0.941-0.235i	0.990	0.931-0.254i
58.000	4.000	0.861	0.902	0.786	0.990
59.000	1.000	0.990	0.874	0.995-0.072i	0.827
59.000	2.000	0.980-0.141i	0.990	0.975-0.157i	0.867
59.000	3.000	0.933	0.862	0.990	0.819
59.000	4.000	0.958-0.201i	0.977-0.149i	0.953-0.211i	0.990
60.000	1.000	0.990	0.949-0.221i	0.999-0.032i	0.945-0.228i
60.000	2.000	0.811	0.990	0.813	0.996-0.063i
60.000	3.000	0.969	0.950-0.219i	0.990	0.946-0.226i
60.000	4.000	0.806	0.941	0.807	0.990
61.000	1.000	0.990	0.801	0.990	0.894
61.000	2.000	0.942-0.235i	0.990	0.942-0.235i	0.954-0.209i
61.000	3.000	0.990	0.801	0.990	0.894
61.000	4.000	0.986-0.117i	0.820	0.986-0.117i	0.990
62.000	1.000	0.990	0.986	0.979-0.145i	0.969-0.174i
62.000	2.000	1.000-0.014i	0.990	0.978-0.145i	0.969-0.175i
62.000	3.000	0.871	0.871	0.990	0.990-0.101i
62.000	4.000	0.848	0.847	0.907	0.990
63.000	1.000	0.990	0.983-0.129i	0.965-0.184i	0.942
63.000	2.000	0.884	0.990	0.981-0.137i	0.874
63.000	3.000	0.840	0.878	0.990	0.833
63.000	4.000	0.996-0.061i	0.980-0.141i	0.961-0.193i	0.990
64.000	1.000	0.990	0.968-0.175i	0.995-0.072i	0.814
64.000	2.000	0.847	0.990	0.858	0.775
64.000	3.000	0.933	0.973-0.161i	0.990	0.807
64.000	4.000	0.951-0.217i	0.922-0.268i	0.946-0.226i	0.990
65.000	1.000	0.990	0.990	0.934	0.995-0.072i
65.000	2.000	0.990	0.990	0.934	0.995-0.072i
65.000	3.000	0.995-0.070i	0.995-0.070i	0.990	0.990-0.100i
65.000	4.000	0.933	0.933	0.908	0.990
66.000	1.000	0.990	0.970-0.172i	0.904	0.908
66.000	2.000	0.849	0.990	0.829	0.830
66.000	3.000	0.989-0.105i	0.959-0.198i	0.990	0.999-0.032i
66.000	4.000	0.990-0.100i	0.960-0.196i	0.969	0.990
67.000	1.000	0.990	0.959-0.199i	0.979-0.145i	0.942
67.000	2.000	0.828	0.990	0.873	0.822
67.000	3.000	0.871	0.979-0.142i	0.990	0.862
67.000	4.000	0.996-0.061i	0.955-0.206i	0.975-0.156i	0.990
68.000	1.000	0.990	0.956-0.206i	0.907	0.975-0.156i
68.000	2.000	0.823	0.990	0.807	0.874
68.000	3.000	0.989-0.102i	0.946-0.226i	0.990	0.965-0.184i
68.000	4.000	0.862	0.980-0.141i	0.840	0.990
69.000	1.000	0.990	0.980	0.961	0.805
69.000	2.000	1.000-0.020i	0.990	0.966	0.806
69.000	3.000	0.998-0.041i	0.999-0.035i	0.990	0.807
69.000	4.000	0.945-0.229i	0.945-0.228i	0.946-0.226i	0.990
70.000	1.000	0.990	0.907	0.848	0.793
70.000	2.000	0.990-0.101i	0.990	0.871	0.806
70.000	3.000	0.969-0.174i	0.979-0.145i	0.990	0.840
70.000	4.000	0.936-0.245i	0.945-0.228i	0.965-0.184i	0.990
71.000	1.000	0.990	0.986-0.117i	0.995-0.070i	0.934
71.000	2.000	0.894	0.990	0.913	0.878
71.000	3.000	0.934	0.991-0.095i	0.990	0.909
71.000	4.000	0.995-0.070i	0.981-0.136i	0.990-0.099i	0.990
72.000	1.000	0.990	0.925	0.981-0.137i	0.874
72.000	2.000	0.993-0.081i	0.990	0.974-0.158i	0.894
72.000	3.000	0.877	0.861	0.990	0.833
72.000	4.000	0.980-0.141i	0.986-0.117i	0.961-0.193i	0.990
73.000	1.000	0.990	0.990-0.100i	0.980-0.141i	0.961-0.193i
73.000	2.000	0.908	0.990	0.989-0.102i	0.971-0.169i
73.000	3.000	0.874	0.907	0.990	0.981-0.137i
73.000	4.000	0.833	0.852	0.877	0.990
74.000	1.000	0.990	0.862	0.994-0.080i	0.969-0.174i
74.000	2.000	0.975-0.157i	0.990	0.969-0.174i	0.945-0.228i
74.000	3.000	0.926	0.848	0.990	0.975-0.157i
74.000	4.000	0.848	0.806	0.862	0.990
75.000	1.000	0.990	0.933	0.979-0.145i	0.984-0.127i
75.000	2.000	0.995-0.072i	0.990	0.974-0.160i	0.979-0.145i
75.000	3.000	0.871	0.859	0.990	0.933
75.000	4.000	0.886	0.871	0.995-0.072i	0.990
76.000	1.000	0.990	0.806	0.848	0.775
76.000	2.000	0.945-0.228i	0.990	0.975-0.157i	0.861
76.000	3.000	0.969-0.174i	0.862	0.990	0.814
76.000	4.000	0.922-0.268i	0.975-0.157i	0.951-0.217i	0.990
77.000	1.000	0.990	0.939	0.771	0.941
77.000	2.000	0.996-0.064i	0.990	0.775	1.000-0.014i
77.000	3.000	0.919-0.273i	0.922-0.268i	0.990	0.922-0.268i
77.000	4.000	0.996-0.063i	0.986	0.775	0.990
78.000	1.000	0.990	1.000-0.020i	0.972	0.975-0.157i
78.000	2.000	0.980	0.990	0.966	0.975-0.156i
78.000	3.000	0.999-0.029i	0.999-0.035i	0.990	0.974-0.160i
78.000	4.000	0.861	0.862	0.859	0.990
79.000	1.000	0.990	0.882	0.869	0.996-0.064i
79.000	2.000	0.982-0.131i	0.990	0.934	0.978-0.145i
79.000	3.000	0.978-0.148i	0.995-0.070i	0.990	0.974-0.160i
79.000	4.000	0.939	0.871	0.859	0.990
80.000	1.000	0.990	0.840	0.804	0.775
80.000	2.000	0.965-0.184i	0.990	0.867	0.820
80.000	3.000	0.944-0.230i	0.977-0.149i	0.990	0.864
80.000	4.000	0.922-0.268i	0.954-0.209i	0.976-0.154i	0.990
81.000	1.000	0.990	0.874	0.840	0.874
81.000	2.000	0.980-0.141i	0.990	0.890	0.990
81.000	3.000	0.965-0.184i	0.985-0.122i	0.990	0.985-0.122i
81.000	4.000	0.980-0.141i	0.990	0.890	0.990
82.000	1.000	0.990	0.903	0.908	0.970-0.172i
82.000	2.000	0.988-0.107i	0.990	0.999-0.038i	0.959-0.199i
82.000	3.000	0.990-0.100i	0.963	0.990	0.960-0.196i
82.000	4.000	0.849	0.828	0.830	0.990
83.000	1.000	0.990	0.907	0.990-0.101i	0.990
83.000	2.000	0.990-0.101i	0.990	0.980-0.141i	0.990-0.101i
83.000	3.000	0.907	0.874	0.990	0.907
83.000	4.000	0.990	0.907	0.990-0.101i	0.990
84.000	1.000	0.990	0.874	0.850	0.780
84.000	2.000	0.980-0.141i	0.990	0.907	0.805
84.000	3.000	0.970-0.171i	0.990-0.101i	0.990	0.820
84.000	4.000	0.927-0.261i	0.945-0.229i	0.954-0.209i	0.990
85.000	1.000	0.990	0.955-0.207i	0.914-0.281i	0.922-0.268i
85.000	2.000	0.822	0.990	0.954-0.208i	0.964-0.186i
85.000	3.000	0.765	0.821	0.990	0.907
85.000	4.000	0.775	0.838	0.990-0.101i	0.990
86.000	1.000	0.990	0.970-0.171i	0.907	0.985-0.122i
86.000	2.000	0.850	0.990	0.831	0.889
86.000	3.000	0.990-0.101i	0.960-0.196i	0.990	0.975-0.157i
86.000	4.000	0.890	0.985-0.123i	0.862	0.990
87.000	1.000	0.990	0.994-0.080i	0.999-0.035i	0.988-0.107i
87.000	2.000	0.926	0.990	0.933	0.995-0.072i
87.000	3.000	0.966	0.995-0.072i	0.990	0.990-0.101i
87.000	4.000	0.903	0.933	0.907	0.990
88.000	1.000	0.990	0.996-0.063i	0.951	0.934
88.000	2.000	0.941	0.990	0.925	0.914
88.000	3.000	0.997-0.052i	0.993-0.081i	0.990	0.954
88.000	4.000	0.995-0.070i	0.991-0.094i	0.998-0.048i	0.990
89.000	1.000	0.990	0.837	0.970-0.171i	0.990
89.000	2.000	0.964-0.187i	0.990	0.936-0.245i	0.964-0.187i
89.000	3.000	0.850	0.792	0.990	0.850
89.000	4.000	0.990	0.837	0.970-0.171i	0.990
90.000	1.000	0.990	0.936-0.245i	0.931-0.253i	0.945-0.228i
90.000	2.000	0.792	0.990	0.995-0.072i	0.907
90.000	3.000	0.786	0.933	0.990	0.889
90.000	4.000	0.805	0.990-0.101i	0.985-0.123i	0.990
91.000	1.000	0.990	0.978-0.145i	0.969-0.174i	0.878
91.000	2.000	0.871	0.990	0.990-0.100i	0.831
91.000	3.000	0.848	0.908	0.990	0.815
91.000	4.000	0.981-0.137i	0.960-0.196i	0.951-0.216i	0.990
92.000	1.000	0.990	0.840	0.828	0.995-0.070i
92.000	2.000	0.965-0.184i	0.990	0.925	0.960-0.195i
92.000	3.000	0.959-0.199i	0.993-0.081i	0.990	0.954-0.209i
92.000	4.000	0.934	0.831	0.820	0.990
93.000	1.000	0.990	0.983-0.128i	0.969-0.175i	0.965-0.184i
93.000	2.000	0.885	0.990	0.985-0.123i	0.981-0.137i
93.000	3.000	0.847	0.889	0.990	0.996-0.061i
93.000	4.000	0.840	0.878	0.942	0.990
94.000	1.000	0.990	0.954-0.209i	0.993-0.081i	0.954-0.209i
94.000	2.000	0.820	0.990	0.831	0.990
94.000	3.000	0.925	0.960-0.196i	0.990	0.960-0.196i
94.000	4.000	0.820	0.990	0.831	0.990
95.000	1.000	0.990	0.978-0.146i	0.945-0.228i	0.964-0.187i
95.000	2.000	0.870	0.990	0.965-0.183i	0.985-0.122i
95.000	3.000	0.805	0.840	0.990	0.874
95.000	4.000	0.837	0.890	0.980-0.141i	0.990
96.000	1.000	0.990	0.927	0.875	0.874
96.000	2.000	0.994-0.079i	0.990	0.894	0.892
96.000	3.000	0.980-0.140i	0.986-0.117i	0.990	0.980
96.000	4.000	0.980-0.141i	0.986-0.119i	1.000-0.020i	0.990
97.000	1.000	0.990	0.988-0.108i	0.894	0.875
97.000	2.000	0.902	0.990	0.862	0.848
97.000	3.000	0.986-0.117i	0.975-0.157i	0.990	0.926
97.000	4.000	0.980-0.140i	0.969-0.174i	0.994-0.080i	0.990
98.000	1.000	0.990	0.993-0.081i	0.975-0.157i	0.978-0.146i
98.000	2.000	0.925	0.990	0.981-0.137i	0.985-0.123i
98.000	3.000	0.861	0.878	0.990	0.942
98.000	4.000	0.870	0.889	0.996-0.061i	0.990
99.000	1.000	0.990	0.996-0.061i	0.965-0.183i	0.975-0.156i
99.000	2.000	0.942	0.990	0.969-0.174i	0.979-0.145i
99.000	3.000	0.840	0.848	0.990	0.907
99.000	4.000	0.862	0.871	0.990-0.101i	0.990
100.000	1.000	0.990	0.894	0.967-0.178i	0.992-0.089i
100.000	2.000	0.986-0.117i	0.990	0.954-0.209i	0.978-0.146i
100.000	3.000	0.845	0.820	0.990	0.862
100.000	4.000	0.917	0.870	0.975-0.156i	0.990
101.000	1.000	0.990	0.983-0.128i	0.840	0.969-0.174i
101.000	2.000	0.885	0.990	0.812	0.985-0.122i
101.000	3.000	0.965-0.184i	0.949-0.219i	0.990	0.936-0.245i
101.000	4.000	0.848	0.890	0.792	0.990
102.000	1.000	0.990	0.978-0.146i	0.941-0.235i	0.959-0.199i
102.000	2.000	0.870	0.990	0.961-0.193i	0.980-0.141i
102.000	3.000	0.800	0.833	0.990	0.877
102.000	4.000	0.828	0.874	0.981-0.137i	0.990
103.000	1.000	0.990	0.822	0.800	0.840
103.000	2.000	0.955-0.206i	0.990	0.889	0.990-0.100i
103.000	3.000	0.941-0.235i	0.985-0.123i	0.990	0.975-0.157i
103.000	4.000	0.965-0.184i	0.908	0.862	0.990
104.000	1.000	0.990	0.780	0.862	0.812
104.000	2.000	0.927-0.261i	0.990	0.949-0.219i	0.975-0.157i
104.000	3.000	0.975-0.157i	0.812	0.990	0.858
104.000	4.000	0.949-0.219i	0.862	0.973-0.161i	0.990
105.000	1.000	0.990	0.954-0.208i	0.954-0.209i	0.999-0.035i
105.000	2.000	0.821	0.990	1.000-0.014i	0.823
105.000	3.000	0.820	0.986	0.990	0.822
105.000	4.000	0.966	0.956-0.206i	0.955-0.206i	0.990
106.000	1.000	0.990	0.970-0.171i	0.960-0.195i	0.981-0.137i
106.000	2.000	0.850	0.990	0.990-0.100i	0.903
106.000	3.000	0.831	0.908	0.990	0.871
106.000	4.000	0.878	0.988-0.107i	0.979-0.145i	0.990
107.000	1.000	0.990	0.792	0.858	0.793
107.000	2.000	0.936-0.245i	0.990	0.960-0.196i	1.000-0.014i
107.000	3.000	0.973-0.161i	0.831	0.990	0.831
107.000	4.000	0.936-0.245i	0.986	0.960-0.195i	0.990
108.000	1.000	0.990	0.959-0.199i	0.999-0.038i	0.840
108.000	2.000	0.828	0.990	0.831	0.780
108.000	3.000	0.963	0.960-0.196i	0.990	0.837
108.000	4.000	0.965-0.184i	0.927-0.261i	0.964-0.187i	0.990
109.000	1.000	0.990	0.970-0.171i	0.890	0.966
109.000	2.000	0.850	0.990	0.823	0.848
109.000	3.000	0.985-0.122i	0.956-0.206i	0.990	0.986-0.117i
109.000	4.000	0.999-0.035i	0.969-0.174i	0.894	0.990
110.000	1.000	0.990	0.942-0.235i	0.957-0.204i	0.925
110.000	2.000	0.801	0.990	0.886	0.792
110.000	3.000	0.824	0.984-0.127i	0.990	0.814
110.000	4.000	0.993-0.081i	0.936-0.245i	0.950-0.217i	0.990
111.000	1.000	0.990	0.817	0.988-0.107i	0.807
111.000	2.000	0.952-0.214i	0.990	0.942-0.235i	0.925
111.000	3.000	0.903	0.801	0.990	0.792
111.000	4.000	0.946-0.226i	0.993-0.081i	0.936-0.245i	0.990
112.000	1.000	0.990	0.986-0.117i	0.870	0.966-0.180i
112.000	2.000	0.894	0.990	0.840	0.980-0.141i
112.000	3.000	0.978-0.146i	0.965-0.184i	0.990	0.946-0.226i
112.000	4.000	0.843	0.874	0.807	0.990
113.000	1.000	0.990	0.949-0.219i	0.975-0.157i	0.978-0.146i
113.000	2.000	0.812	0.990	0.858	0.850
113.000	3.000	0.861	0.973-0.161i	0.990	0.942
113.000	4.000	0.870	0.970-0.171i	0.996-0.061i	0.990
114.000	1.000	0.990	0.964-0.187i	0.940-0.237i	0.965-0.184i
114.000	2.000	0.837	0.990	0.975-0.157i	0.963
114.000	3.000	0.798	0.861	0.990	0.858
114.000	4.000	0.840	0.999-0.038i	0.973-0.161i	0.990
115.000	1.000	0.990	0.862	0.980-0.141i	0.981-0.137i
115.000	2.000	0.975-0.157i	0.990	0.955-0.206i	0.957-0.203i
115.000	3.000	0.874	0.822	0.990	0.963
115.000	4.000	0.878	0.825	0.999-0.038i	0.990
116.000	1.000	0.990	0.990-0.101i	0.792	0.801
116.000	2.000	0.907	0.990	0.780	0.788
116.000	3.000	0.936-0.245i	0.927-0.261i	0.990	0.993-0.081i
116.000	4.000	0.942-0.235i	0.932-0.251i	0.925	0.990
117.000	1.000	0.990	0.940-0.237i	0.919-0.273i	0.931-0.253i
117.000	2.000	0.799	0.990	0.976-0.153i	0.990-0.101i
117.000	3.000	0.771	0.864	0.990	0.894
117.000	4.000	0.786	0.907	0.986-0.117i	0.990
118.000	1.000	0.990	0.990-0.100i	0.990-0.101i	0.970-0.171i
118.000	2.000	0.908	0.990	1.000-0.014i	0.980-0.141i
118.000	3.000	0.907	0.986	0.990	0.980-0.141i
118.000	4.000	0.850	0.874	0.874	0.990
119.000	1.000	0.990	0.936-0.245i	0.975-0.157i	0.945-0.228i
119.000	2.000	0.792	0.990	0.829	0.907
119.000	3.000	0.861	0.959-0.198i	0.990	0.969-0.174i
119.000	4.000	0.805	0.990-0.101i	0.848	0.990
120.000	1.000	0.990	0.964-0.187i	0.954-0.209i	0.978-0.146i
120.000	2.000	0.837	0.990	0.990-0.100i	0.890
120.000	3.000	0.820	0.908	0.990	0.862
120.000	4.000	0.870	0.985-0.122i	0.975-0.156i	0.990
121.000	1.000	0.990	0.821	0.862	0.871
121.000	2.000	0.954-0.208i	0.990	0.978-0.145i	0.975-0.157i
121.000	3.000	0.975-0.156i	0.871	0.990	0.996-0.061i
121.000	4.000	0.979-0.145i	0.862	0.942	0.990
122.000	1.000	0.990	0.847	0.986	0.990-0.100i
122.000	2.000	0.968-0.175i	0.990	0.969-0.175i	0.959-0.199i
122.000	3.000	1.000-0.014i	0.847	0.990	0.990-0.101i
122.000	4.000	0.908	0.828	0.907	0.990
123.000	1.000	0.990	0.861	0.979-0.145i	0.985-0.122i
123.000	2.000	0.975-0.157i	0.990	0.954-0.209i	0.960-0.196i
123.000	3.000	0.871	0.820	0.990	0.926
123.000	4.000	0.890	0.831	0.994-0.080i	0.990
124.000	1.000	0.990	0.996-0.061i	0.871	0.981-0.136i
124.000	2.000	0.942	0.990	0.862	0.985-0.122i
124.000	3.000	0.978-0.145i	0.975-0.157i	0.990	0.960-0.195i
124.000	4.000	0.878	0.890	0.831	0.990
125.000	1.000	0.990	0.980-0.140i	0.950-0.218i	0.959-0.198i
125.000	2.000	0.875	0.990	0.969-0.175i	0.978-0.145i
125.000	3.000	0.813	0.847	0.990	0.907
125.000	4.000	0.829	0.871	0.990-0.101i	0.990
126.000	1.000	0.990	0.838	0.831	0.898
126.000	2.000	0.964-0.186i	0.990	0.941	0.976-0.152i
126.000	3.000	0.960-0.195i	0.996-0.063i	0.990	0.972-0.164i
126.000	4.000	0.987-0.112i	0.865	0.856	0.990
127.000	1.000	0.990	0.978-0.145i	0.969-0.175i	0.878
127.000	2.000	0.871	0.990	0.990-0.101i	0.831
127.000	3.000	0.847	0.907	0.990	0.815
127.000	4.000	0.981-0.136i	0.960-0.195i	0.951-0.216i	0.990
128.000	1.000	0.990	0.990-0.100i	0.980-0.141i	0.837
128.000	2.000	0.908	0.990	0.990-0.101i	0.820
128.000	3.000	0.874	0.907	0.990	0.805
128.000	4.000	0.964-0.187i	0.954-0.209i	0.945-0.228i	0.990
129.000	1.000	0.990	0.960-0.195i	0.986	0.980-0.141i
129.000	2.000	0.831	0.990	0.831	0.874
129.000	3.000	1.000-0.014i	0.960-0.196i	0.990	0.980-0.141i
129.000	4.000	0.874	0.980-0.141i	0.874	0.990
130.000	1.000	0.990	0.995-0.070i	0.822	0.964-0.186i
130.000	2.000	0.934	0.990	0.814	0.969-0.174i
130.000	3.000	0.955-0.207i	0.951-0.217i	0.990	0.922-0.268i
130.000	4.000	0.838	0.848	0.775	0.990
131.000	1.000	0.990	0.800	0.986	0.994-0.080i
131.000	2.000	0.941-0.235i	0.990	0.942-0.235i	0.936-0.245i
131.000	3.000	1.000-0.014i	0.801	0.990	0.993-0.081i
131.000	4.000	0.926	0.792	0.925	0.990
132.000	1.000	0.990	0.867	0.963	0.975-0.156i
132.000	2.000	0.977-0.149i	0.990	0.979-0.145i	0.953-0.211i
132.000	3.000	0.999-0.038i	0.871	0.990	0.974-0.160i
132.000	4.000	0.862	0.819	0.859	0.990
133.000	1.000	0.990	0.959-0.199i	0.862	0.964-0.187i
133.000	2.000	0.828	0.990	0.792	0.933
133.000	3.000	0.975-0.157i	0.936-0.245i	0.990	0.940-0.237i
133.000	4.000	0.837	0.995-0.072i	0.799	0.990
134.000	1.000	0.990	0.986-0.118i	0.871	0.934
134.000	2.000	0.893	0.990	0.840	0.878
134.000	3.000	0.978-0.145i	0.965-0.184i	0.990	0.983-0.129i
134.000	4.000	0.995-0.070i	0.981-0.137i	0.884	0.990
135.000	1.000	0.990	0.892	0.877	0.941
135.000	2.000	0.986-0.119i	0.990	0.934	0.989-0.102i
135.000	3.000	0.981-0.137i	0.995-0.070i	0.990	0.985-0.123i
135.000	4.000	0.996-0.063i	0.907	0.889	0.990
136.000	1.000	0.990	0.890	0.840	0.890
136.000	2.000	0.985-0.122i	0.990	0.874	0.990
136.000	3.000	0.965-0.184i	0.980-0.141i	0.990	0.980-0.141i
136.000	4.000	0.985-0.122i	0.990	0.874	0.990
137.000	1.000	0.990	0.978-0.145i	0.840	0.853
137.000	2.000	0.871	0.990	0.805	0.815
137.000	3.000	0.965-0.184i	0.945-0.228i	0.990	0.993-0.081i
137.000	4.000	0.971-0.167i	0.951-0.216i	0.925	0.990
138.000	1.000	0.990	0.965-0.184i	0.980-0.141i	0.965-0.184i
138.000	2.000	0.840	0.990	0.890	0.990
138.000	3.000	0.874	0.985-0.122i	0.990	0.985-0.122i
138.000	4.000	0.840	0.990	0.890	0.990
139.000	1.000	0.990	0.959-0.199i	0.975-0.157i	0.993-0.081i
139.000	2.000	0.828	0.990	0.885	0.840
139.000	3.000	0.861	0.983-0.128i	0.990	0.878
139.000	4.000	0.925	0.965-0.184i	0.981-0.137i	0.990
140.000	1.000	0.990	0.907	0.975-0.157i	0.983-0.129i
140.000	2.000	0.990-0.101i	0.990	0.965-0.184i	0.973-0.161i
140.000	3.000	0.861	0.840	0.990	0.914
140.000	4.000	0.884	0.858	0.991-0.094i	0.990
141.000	1.000	0.990	0.878	0.959-0.199i	0.969-0.175i
141.000	2.000	0.981-0.136i	0.990	0.942-0.235i	0.951-0.216i
141.000	3.000	0.828	0.801	0.990	0.907
141.000	4.000	0.847	0.815	0.990-0.101i	0.990
142.000	1.000	0.990	0.842	0.990-0.101i	0.913
142.000	2.000	0.966-0.181i	0.990	0.957-0.204i	0.975-0.157i
142.000	3.000	0.907	0.824	0.990	0.877
142.000	4.000	0.991-0.095i	0.862	0.981-0.137i	0.990
143.000	1.000	0.990	0.907	0.840	0.820
143.000	2.000	0.989-0.102i	0.990	0.862	0.837
143.000	3.000	0.965-0.184i	0.975-0.157i	0.990	0.902
143.000	4.000	0.954-0.210i	0.964-0.187i	0.988-0.108i	0.990
144.000	1.000	0.990	0.792	0.886	0.814
144.000	2.000	0.936-0.245i	0.990	0.950-0.217i	0.983-0.128i
144.000	3.000	0.984-0.127i	0.814	0.990	0.842
144.000	4.000	0.951-0.217i	0.885	0.966-0.181i	0.990
145.000	1.000	0.990	0.971-0.167i	0.951-0.216i	0.870
145.000	2.000	0.853	0.990	0.978-0.145i	0.814
145.000	3.000	0.815	0.871	0.990	0.786
145.000	4.000	0.978-0.146i	0.951-0.217i	0.931-0.253i	0.990
146.000	1.000	0.990	0.861	0.965-0.183i	0.945-0.228i
146.000	2.000	0.975-0.157i	0.990	0.942-0.235i	0.922-0.268i
146.000	3.000	0.840	0.801	0.990	0.978-0.145i
146.000	4.000	0.806	0.775	0.871	0.990
147.000	1.000	0.990	0.995-0.072i	0.996-0.061i	0.874
147.000	2.000	0.933	0.990	0.963	0.861
147.000	3.000	0.942	0.999-0.038i	0.990	0.864
147.000	4.000	0.980-0.141i	0.975-0.157i	0.976-0.153i	0.990
148.000	1.000	0.990	0.972-0.164i	0.987-0.113i	0.933
148.000	2.000	0.855	0.990	0.890	0.845
148.000	3.000	0.897	0.985-0.122i	0.990	0.881
148.000	4.000	0.995-0.072i	0.967-0.178i	0.982-0.133i	0.990
149.000	1.000	0.990	0.833	0.967-0.178i	0.934
149.000	2.000	0.962-0.192i	0.990	0.931-0.253i	0.966-0.181i
149.000	3.000	0.845	0.786	0.990	0.836
149.000	4.000	0.995-0.070i	0.842	0.963-0.190i	0.990
150.000	1.000	0.990	0.964-0.187i	0.862	0.978-0.146i
150.000	2.000	0.837	0.990	0.799	0.890
150.000	3.000	0.975-0.157i	0.940-0.237i	0.990	0.954-0.209i
150.000	4.000	0.870	0.985-0.122i	0.820	0.990
151.000	1.000	0.990	0.955-0.206i	0.870	0.975-0.156i
151.000	2.000	0.822	0.990	0.792	0.873
151.000	3.000	0.978-0.146i	0.935-0.246i	0.990	0.954-0.209i
151.000	4.000	0.862	0.979-0.142i	0.820	0.990
152.000	1.000	0.990	0.954-0.209i	0.969-0.175i	0.965-0.184i
152.000	2.000	0.820	0.990	0.890	0.903
152.000	3.000	0.847	0.985-0.122i	0.990	0.996-0.061i
152.000	4.000	0.840	0.988-0.107i	0.942	0.990
153.000	1.000	0.990	0.986-0.117i	0.969	0.862
153.000	2.000	0.894	0.990	0.890	0.833
153.000	3.000	0.999-0.032i	0.985-0.121i	0.990	0.864
153.000	4.000	0.975-0.157i	0.962-0.192i	0.976-0.154i	0.990
154.000	1.000	0.990	0.993-0.082i	0.988-0.107i	0.988-0.109i
154.000	2.000	0.923	0.990	0.995-0.069i	0.995-0.072i
154.000	3.000	0.903	0.935	0.990	1.000-0.020i
154.000	4.000	0.901	0.933	0.980	0.990
155.000	1.000	0.990	0.965-0.184i	0.878	0.979-0.143i
155.000	2.000	0.840	0.990	0.809	0.890
155.000	3.000	0.981-0.136i	0.947-0.223i	0.990	0.961-0.193i
155.000	4.000	0.873	0.985-0.121i	0.833	0.990
156.000	1.000	0.990	0.913	0.908	0.952
156.000	2.000	0.991-0.095i	0.990	0.969	0.993-0.081i
156.000	3.000	0.990-0.100i	0.999-0.032i	0.990	0.992-0.087i
156.000	4.000	0.998-0.050i	0.925	0.919	0.990
157.000	1.000	0.990	0.980-0.141i	0.954-0.209i	0.979-0.142i
157.000	2.000	0.874	0.990	0.974-0.160i	1.000-0.014i
157.000	3.000	0.820	0.859	0.990	0.859
157.000	4.000	0.873	0.986	0.974-0.160i	0.990
158.000	1.000	0.990	0.936-0.245i	0.980-0.141i	0.970-0.171i
158.000	2.000	0.792	0.990	0.820	0.838
158.000	3.000	0.874	0.954-0.209i	0.990	0.990-0.101i
158.000	4.000	0.850	0.964-0.187i	0.907	0.990
159.000	1.000	0.990	0.985-0.121i	0.874	0.974-0.160i
159.000	2.000	0.890	0.990	0.840	0.988-0.107i
159.000	3.000	0.980-0.141i	0.965-0.183i	0.990	0.954-0.208i
159.000	4.000	0.859	0.903	0.821	0.990
160.000	1.000	0.990	0.961	0.837	0.981-0.136i
160.000	2.000	0.998-0.041i	0.990	0.840	0.980-0.141i
160.000	3.000	0.963-0.188i	0.965-0.184i	0.990	0.946-0.226i
160.000	4.000	0.878	0.874	0.807	0.990
161.000	1.000	0.990	0.890	0.801	0.821
161.000	2.000	0.985-0.122i	0.990	0.822	0.848
161.000	3.000	0.942-0.235i	0.955-0.206i	0.990	0.986-0.118i
161.000	4.000	0.954-0.208i	0.969-0.174i	0.893	0.990
162.000	1.000	0.990	0.907	0.807	0.907
162.000	2.000	0.990-0.101i	0.990	0.822	0.990
162.000	3.000	0.946-0.226i	0.955-0.206i	0.990	0.955-0.206i
162.000	4.000	0.990-0.101i	0.990	0.822	0.990
163.000	1.000	0.990	0.955-0.206i	0.950-0.217i	0.941-0.235i
163.000	2.000	0.822	0.990	0.995-0.073i	0.985-0.123i
163.000	3.000	0.814	0.931	0.990	0.990-0.100i
163.000	4.000	0.800	0.889	0.908	0.990
164.000	1.000	0.990	0.972-0.164i	0.988-0.108i	0.954
164.000	2.000	0.855	0.990	0.886	0.851
164.000	3.000	0.902	0.984-0.127i	0.990	0.894
164.000	4.000	0.998-0.048i	0.970-0.170i	0.986-0.117i	0.990
165.000	1.000	0.990	0.961	0.861	0.965-0.183i
165.000	2.000	0.998-0.041i	0.990	0.864	0.964-0.187i
165.000	3.000	0.974-0.158i	0.976-0.153i	0.990	0.941-0.235i
165.000	4.000	0.840	0.837	0.800	0.990
166.000	1.000	0.990	0.848	0.907	0.862
166.000	2.000	0.969-0.174i	0.990	0.979-0.145i	0.994-0.080i
166.000	3.000	0.990-0.101i	0.871	0.990	0.890
166.000	4.000	0.975-0.157i	0.926	0.985-0.122i	0.990
167.000	1.000	0.990	0.969-0.174i	0.979-0.145i	0.980-0.141i
167.000	2.000	0.848	0.990	0.907	0.903
167.000	3.000	0.871	0.990-0.101i	0.990	0.966
167.000	4.000	0.874	0.988-0.107i	0.999-0.035i	0.990
168.000	1.000	0.990	0.988-0.107i	0.945-0.229i	0.990
168.000	2.000	0.903	0.990	0.955-0.207i	0.903
168.000	3.000	0.805	0.822	0.990	0.805
168.000	4.000	0.990	0.988-0.107i	0.945-0.229i	0.990
169.000	1.000	0.990	0.885	0.838	0.874
169.000	2.000	0.983-0.128i	0.990	0.875	0.942
169.000	3.000	0.964-0.186i	0.980-0.140i	0.990	0.984-0.127i
169.000	4.000	0.980-0.141i	0.996-0.061i	0.886	0.990
170.000	1.000	0.990	0.933	0.988-0.108i	0.990-0.100i
170.000	2.000	0.995-0.072i	0.990	0.983-0.129i	0.985-0.122i
170.000	3.000	0.902	0.884	0.990	0.961
170.000	4.000	0.908	0.890	0.998-0.041i	0.990
171.000	1.000	0.990	0.933	0.840	0.988-0.109i
171.000	2.000	0.995-0.072i	0.990	0.850	0.983-0.129i
171.000	3.000	0.965-0.184i	0.970-0.171i	0.990	0.954-0.210i
171.000	4.000	0.901	0.884	0.819	0.990
172.000	1.000	0.990	0.980-0.141i	0.951-0.216i	0.980
172.000	2.000	0.874	0.990	0.970-0.171i	0.873
172.000	3.000	0.815	0.850	0.990	0.814
172.000	4.000	1.000-0.020i	0.979-0.142i	0.950-0.217i	0.990
173.000	1.000	0.990	0.980-0.141i	0.989-0.102i	0.850
173.000	2.000	0.874	0.990	0.908	0.814
173.000	3.000	0.907	0.990-0.100i	0.990	0.830
173.000	4.000	0.970-0.171i	0.951-0.217i	0.960-0.196i	0.990
174.000	1.000	0.990	0.983-0.128i	0.995-0.070i	0.988-0.107i
174.000	2.000	0.885	0.990	0.902	0.933
174.000	3.000	0.934	0.988-0.108i	0.990	0.993-0.081i
174.000	4.000	0.903	0.995-0.072i	0.925	0.990
175.000	1.000	0.990	0.986-0.118i	0.980-0.141i	0.980-0.141i
175.000	2.000	0.893	0.990	0.994-0.079i	0.994-0.079i
175.000	3.000	0.874	0.927	0.990	0.990
175.000	4.000	0.874	0.927	0.990	0.990
176.000	1.000	0.990	0.815	0.885	0.996-0.063i
176.000	2.000	0.951-0.216i	0.990	0.966-0.180i	0.947-0.223i
176.000	3.000	0.983-0.128i	0.843	0.990	0.980-0.141i
176.000	4.000	0.941	0.809	0.874	0.990
177.000	1.000	0.990	0.933	0.995-0.070i	0.983-0.128i
177.000	2.000	0.995-0.072i	0.990	0.990-0.100i	0.978-0.145i
177.000	3.000	0.934	0.908	0.990	0.988-0.108i
177.000	4.000	0.885	0.871	0.902	0.990
178.000	1.000	0.990	0.990-0.101i	0.903	0.907
178.000	2.000	0.907	0.990	0.871	0.874
178.000	3.000	0.988-0.107i	0.978-0.145i	0.990	0.999-0.035i
178.000	4.000	0.990-0.101i	0.980-0.141i	0.966	0.990
179.000	1.000	0.990	0.983-0.129i	0.959-0.198i	0.814
179.000	2.000	0.884	0.990	0.975-0.156i	0.792
179.000	3.000	0.829	0.862	0.990	0.765
179.000	4.000	0.951-0.217i	0.935-0.246i	0.914-0.281i	0.990
180.000	1.000	0.990	0.847	0.870	0.775
180.000	2.000	0.969-0.175i	0.990	0.990-0.100i	0.814
180.000	3.000	0.978-0.146i	0.908	0.990	0.801
180.000	4.000	0.922-0.268i	0.951-0.217i	0.942-0.235i	0.990
181.000	1.000	0.990	0.874	0.874	0.837
181.000	2.000	0.980-0.141i	0.990	0.990	0.885
181.000	3.000	0.980-0.141i	0.990	0.990	0.885
181.000	4.000	0.964-0.187i	0.983-0.128i	0.983-0.128i	0.990
182.000	1.000	0.990	0.874	0.980	0.990-0.099i
182.000	2.000	0.980-0.141i	0.990	0.980-0.140i	0.970-0.170i
182.000	3.000	1.000-0.020i	0.875	0.990	0.990-0.101i
182.000	4.000	0.909	0.851	0.907	0.990
183.000	1.000	0.990	0.990-0.100i	0.978-0.146i	0.970-0.171i
183.000	2.000	0.908	0.990	0.988-0.109i	0.980-0.141i
183.000	3.000	0.870	0.901	0.990	0.991-0.093i
183.000	4.000	0.850	0.874	0.914	0.990
184.000	1.000	0.990	0.870	0.930	0.990-0.099i
184.000	2.000	0.978-0.146i	0.990	0.984-0.127i	0.969-0.174i
184.000	3.000	0.994-0.075i	0.886	0.990	0.985-0.123i
184.000	4.000	0.909	0.848	0.889	0.990
185.000	1.000	0.990	0.990	0.873	0.830
185.000	2.000	0.990	0.990	0.873	0.830
185.000	3.000	0.979-0.142i	0.979-0.142i	0.990	0.874
185.000	4.000	0.960-0.196i	0.960-0.196i	0.980-0.141i	0.990
186.000	1.000	0.990	0.966	0.966	0.799
186.000	2.000	0.999-0.035i	0.990	0.990	0.800
186.000	3.000	0.999-0.035i	0.990	0.990	0.800
186.000	4.000	0.940-0.237i	0.941-0.235i	0.941-0.235i	0.990
187.000	1.000	0.990	0.980-0.141i	0.907	0.975-0.157i
187.000	2.000	0.874	0.990	0.850	0.995-0.072i
187.000	3.000	0.990-0.101i	0.970-0.171i	0.990	0.965-0.184i
187.000	4.000	0.861	0.933	0.840	0.990
188.000	1.000	0.990	0.885	0.903	0.890
188.000	2.000	0.983-0.128i	0.990	0.995-0.072i	0.999-0.038i
188.000	3.000	0.988-0.107i	0.933	0.990	0.942
188.000	4.000	0.985-0.122i	0.963	0.996-0.061i	0.990
189.000	1.000	0.990	0.914	0.942	0.942
189.000	2.000	0.991-0.093i	0.990	0.995-0.070i	0.995-0.070i
189.000	3.000	0.996-0.061i	0.934	0.990	0.990
189.000	4.000	0.996-0.061i	0.934	0.990	0.990
190.000	1.000	0.990	0.847	0.859	0.966
190.000	2.000	0.969-0.175i	0.990	0.995-0.073i	0.970-0.171i
190.000	3.000	0.974-0.160i	0.931	0.990	0.975-0.157i
190.000	4.000	0.999-0.035i	0.850	0.862	0.990
191.000	1.000	0.990	0.815	0.800	0.878
191.000	2.000	0.951-0.216i	0.990	0.907	0.969-0.174i
191.000	3.000	0.941-0.235i	0.989-0.102i	0.990	0.959-0.199i
191.000	4.000	0.981-0.137i	0.848	0.828	0.990
192.000	1.000	0.990	0.837	0.859	0.933
192.000	2.000	0.964-0.187i	0.990	0.989-0.102i	0.969-0.175i
192.000	3.000	0.974-0.160i	0.907	0.990	0.979-0.145i
192.000	4.000	0.995-0.072i	0.847	0.871	0.990
193.000	1.000	0.990	0.964-0.187i	0.908	0.988-0.109i
193.000	2.000	0.837	0.990	0.820	0.862
193.000	3.000	0.990-0.100i	0.954-0.209i	0.990	0.978-0.146i
193.000	4.000	0.901	0.975-0.156i	0.870	0.990
194.000	1.000	0.990	0.970-0.171i	0.956-0.206i	0.952-0.214i
194.000	2.000	0.850	0.990	0.985-0.122i	0.981-0.137i
194.000	3.000	0.823	0.890	0.990	0.996-0.063i
194.000	4.000	0.817	0.878	0.941	0.990
195.000	1.000	0.990	0.814	0.848	0.907
195.000	2.000	0.951-0.217i	0.990	0.981-0.137i	0.960-0.196i
195.000	3.000	0.969-0.174i	0.877	0.990	0.979-0.145i
195.000	4.000	0.990-0.101i	0.831	0.871	0.990
196.000	1.000	0.990	0.814	0.805	0.830
196.000	2.000	0.951-0.217i	0.990	0.925	0.990-0.100i
196.000	3.000	0.945-0.229i	0.993-0.081i	0.990	0.983-0.128i
196.000	4.000	0.960-0.196i	0.908	0.885	0.990
197.000	1.000	0.990	0.908	0.907	0.814
197.000	2.000	0.990-0.100i	0.990	0.986	0.830
197.000	3.000	0.990-0.101i	1.000-0.014i	0.990	0.831
197.000	4.000	0.951-0.217i	0.960-0.196i	0.960-0.196i	0.990
198.000	1.000	0.990	0.980-0.141i	0.966	0.840
198.000	2.000	0.874	0.990	0.871	0.807
198.000	3.000	0.999-0.035i	0.978-0.145i	0.990	0.843
198.000	4.000	0.965-0.183i	0.946-0.226i	0.966-0.180i	0.990
199.000	1.000	0.990	0.959-0.199i	0.998-0.041i	0.978-0.146i
199.000	2.000	0.828	0.990	0.831	0.874
199.000	3.000	0.961	0.960-0.196i	0.990	0.980-0.141i
199.000	4.000	0.870	0.980-0.141i	0.874	0.990
